14033 0.00 (0.00) 0.00 (0.00) 0.00 (0.00) 0.00 (0.00) 0.19 (0.18)
15151 0.00 (0.00) 0.00 (0.00) 0.00 (0.00) 0.00 (0.00) 0.40 (0.48)
13301 0.00 (0.00) 0.00 (0.00) 0.00 (0.00) 0.00 (0.00) 0.48 (0.50)
15447 0.00 (0.00) 0.00 (0.00) 0.00 (0.00) 0.00 (0.00) 0.43 (0.43)
13529 0.00 (0.00) 0.00 (0.00) 0.00 (0.00) 0.00 (0.00) 0.00 (0.21)
13123 0.00 (0.00) 0.00 (0.00) 0.00 (0.00) 0.00 (0.00) 0.00 (0.08)
13548 0.00 (0.00) 0.00 (0.00) 0.00 (0.00) 0.00 (0.00) 0.75 (0.79)
13948 0.00 (0.00) 0.00 (0.00) 0.00 (0.00) 0.00 (0.00) 0.14 (0.18)
14295 0.00 (0.00) 0.00 (0.00) 0.00 (0.00) 0.00 (0.00) 0.00 (0.18)
12943 0.00 (0.00) 0.00 (0.00) 0.00 (0.00) 0.00 (0.00) 0.46 (0.46)
20911 0.00 (0.00) 0.00 (0.00) 0.00 (0.00) 0.00 (0.00) 0.53 (0.45)
22440 0.00 (0.00) 0.00 (0.00) 0.00 (0.00) 0.00 (0.00) 0.53 (0.54)
19833 0.00 (0.00) 0.00 (0.00) 0.00 (0.00) 0.00 (0.00) 0.22 (0.31)
18710 0.00 (0.00) 0.00 (0.00) 0.00 (0.00) 0.00 (0.00) 0.66 (0.75)
18641 0.00 (0.00) 0.00 (0.00) 0.00 (0.00) 0.00 (0.00) 0.39 (0.35)
19245 0.00 (0.00) 0.00 (0.00) 0.00 (0.00) 0.00 (0.00) 0.59 (0.77)
18363 0.00 (0.00) 0.00 (0.00) 0.00 (0.00) 0.00 (0.00) 0.46 (0.48)
20241 0.00 (0.00) 0.00 (0.00) 0.00 (0.00) 0.00 (0.00) 0.41 (0.47)
20330 0.00 (0.00) 0.00 (0.00) 0.00 (0.00) 0.00 (0.00) 0.08 (0.27)
21320 0.00 (0.00) 0.00 (0.00) 0.00 (0.00) 0.00 (0.00) 0.07 (0.24)
33623 0.00 (0.00) 0.00 (0.00) 0.00 (0.00) 0.00 (0.00) 0.57 (0.65)
31587 0.00 (0.00) 0.00 (0.00) 0.00 (0.00) 0.00 (0.00) 0.22 (0.29)
33920 0.00 (0.00) 0.00 (0.00) 0.00 (0.00) 0.00 (0.00) 0.00 (0.04)
31661 0.00 (0.00) 0.00 (0.00) 0.00 (0.00) 0.00 (0.00) 0.24 (0.28)
34557 0.00 (0.00) 0.00 (0.00) 0.00 (0.00) 0.00 (0.00) 0.33 (0.26)
32564 0.00 (0.00) 0.00 (0.00) 0.00 (0.00) 0.00 (0.00) 0.10 (0.30)
32922 0.00 (0.00) 0.00 (0.00) 0.00 (0.00) 0.00 (0.00) 0.58 (0.61)
32412 0.00 (0.00) 0.00 (0.00) 0.00 (0.00) 0.00 (0.00) 0.58 (0.52)
33600 0.00 (0.00) 0.00 (0.00) 0.00 (0.00) 0.00 (0.00) 0.33 (0.56)
32262 0.00 (0.00) 0.00 (0.00) 0.00 (0.00) 0.00 (0.00) 0.18 (0.41)
64803 0.11 (0.12) 0.09 (0.09) 0.10 (0.09) 0.06 (0.07) 0.74 (0.79)
68062 0.27 (0.27) 0.21 (0.19) 0.16 (0.15) 0.18 (0.16) 0.88 (0.94)
63162 0.83 (0.81) 0.62 (0.62) 0.86 (0.87) 0.71 (0.75) 1.32 (1.34)
68226 0.85 (0.87) 0.80 (0.79) 0.25 (0.29) 0.67 (0.66) 1.18 (1.27)
69392 0.44 (0.47) 0.36 (0.37) 0.32 (0.33) 0.25 (0.26) 0.84 (0.89)
66841 0.27 (0.23) 0.28 (0.28) 0.28 (0.25) 0.31 (0.31) 0.80 (0.82)
66258 0.25 (0.25) 0.37 (0.36) 0.12 (0.11) 0.18 (0.20) 0.99 (0.96)
64359 0.31 (0.31) 0.32 (0.29) 0.36 (0.35) 0.23 (0.22) 0.95 (0.97)
62981 0.31 (0.34) 0.26 (0.27) 0.28 (0.31) 0.26 (0.25) 0.84 (0.81)
68898 0.49 (0.48) 0.34 (0.35) 0.37 (0.40) 0.44 (0.40) 0.93 (1.00)
87207 0.76 (0.84) 0.64 (0.69) 0.75 (0.78) 0.62 (0.67) 2.16 (2.10)
82820 0.69 (0.64) 0.51 (0.56) 0.63 (0.61) 0.53 (0.50) 2.41 (2.45)
79987 0.48 (0.46) 0.37 (0.36) 0.56 (0.56) 0.43 (0.41) 1.78 (1.84)
86581 0.99 (1.00) 0.71 (0.68) 0.48 (0.47) 0.58 (0.64) 1.78 (1.83)
86450 0.48 (0.54) 0.52 (0.55) 0.41 (0.45) 0.45 (0.47) 2.09 (2.01)
86637 0.44 (0.44) 0.33 (0.34) 0.33 (0.39) 0.28 (0.29) 1.48 (1.55)
88866 0.94 (0.89) 0.78 (0.79) 0.55 (0.57) 0.57 (0.62) 1.94 (1.97)
86824 0.91 (0.88) 0.61 (0.63) 0.62 (0.68) 0.75 (0.69) 1.95 (2.03)
85526 1.00 (1.02) 0.70 (0.69) 0.66 (0.72) 0.63 (0.67) 2.09 (2.10)
88077 0.66 (0.62) 0.52 (0.53) 0.69 (0.73) 0.65 (0.62) 2.00 (2.00)
125831 0.46 (0.50) 0.52 (0.54) 0.69 (0.70) 0.54 (0.51) 1.71 (1.76)
119259 0.24 (0.26) 0.16 (0.14) 0.47 (0.54) 0.15 (0.18) 1.55 (1.58)
116459 0.71 (0.68) 0.64 (0.61) 0.58 (0.60) 0.58 (0.54) 2.17 (2.24)
120712 0.52 (0.54) 0.44 (0.50) 0.67 (0.62) 0.53 (0.49) 1.79 (1.92)
118184 0.77 (0.79) 0.72 (0.73) 0.99 (0.96) 0.72 (0.73) 2.38 (2.30)
120703 0.65 (0.63) 0.49 (0.57) 0.55 (0.57) 0.39 (0.40) 1.81 (1.78)
122962 1.11 (1.06) 0.96 (0.96) 0.95 (0.92) 1.05 (1.03) 2.06 (2.10)
122489 0.82 (0.84) 0.70 (0.74) 0.94 (0.97) 0.69 (0.65) 2.26 (2.24)
121872 0.48 (0.54) 0.37 (0.50) 0.36 (0.41) 0.38 (0.41) 1.78 (1.79)
124064 1.09 (1.08) 1.06 (1.01) 0.63 (0.63) 1.07 (1.03) 1.98 (1.95)
253713 1.02 (0.95) 0.60 (0.62) 0.86 (0.83) 0.56 (0.58) 0.83 (0.82)
242777 1.20 (1.21) 0.85 (0.88) 0.51 (0.53) 0.62 (0.63) 1.00 (1.00)
238180 1.51 (1.53) 1.06 (1.10) 0.59 (0.63) 0.73 (0.76) 0.78 (0.80)
227889 1.46 (1.45) 1.13 (1.11) 0.45 (0.53) 0.69 (0.74) 0.78 (0.78)
240589 1.19 (1.20) 1.05 (1.05) 0.58 (0.60) 0.73 (0.71) 0.82 (0.80)
232936 1.83 (1.79) 1.22 (1.24) 1.11 (1.10) 1.04 (1.03) 0.79 (0.80)
240669 1.43 (1.43) 0.80 (0.78) 0.59 (0.63) 0.75 (0.77) 1.01 (1.00)
231428 1.92 (1.94) 1.54 (1.54) 0.59 (0.66) 0.94 (1.02) 0.88 (0.90)
248481 1.59 (1.61) 1.24 (1.16) 0.98 (1.04) 1.12 (1.06) 0.92 (0.87)
243360 1.44 (1.44) 1.01 (1.01) 0.65 (0.69) 0.95 (0.91) 0.92 (0.96)
299431 2.00 (2.00) 1.88 (1.80) 1.85 (1.83) 1.61 (1.61) 1.71 (1.69)
274593 1.56 (1.63) 1.06 (1.22) 1.38 (1.31) 1.24 (1.17) 2.06 (2.07)
288630 1.73 (1.68) 1.46 (1.45) 1.32 (1.25) 1.06 (1.09) 1.68 (1.71)
302105 1.83 (1.73) 1.52 (1.43) 0.90 (1.08) 1.28 (1.27) 1.96 (1.89)
285340 2.00 (1.94) 1.78 (1.85) 1.05 (1.03) 1.57 (1.62) 1.72 (1.73)
270817 1.31 (1.39) 1.38 (1.39) 1.35 (1.39) 1.35 (1.31) 1.59 (1.70)
280649 1.30 (1.29) 0.81 (0.84) 1.08 (1.07) 0.70 (0.75) 1.48 (1.51)
291665 1.88 (1.90) 1.08 (1.12) 1.57 (1.61) 1.17 (1.10) 1.83 (1.88)
302624 1.51 (1.48) 1.19 (1.23) 1.13 (1.22) 0.93 (0.96) 1.80 (1.76)
292230 1.83 (1.82) 1.32 (1.40) 1.32 (1.22) 1.31 (1.35) 1.46 (1.50)
367267 1.90 (1.91) 1.97 (1.98) 1.09 (1.08) 1.56 (1.53) 2.04 (2.03)
374032 1.11 (1.18) 0.75 (0.78) 0.90 (0.94) 0.82 (0.84) 1.79 (1.80)
371417 1.93 (1.88) 1.74 (1.74) 1.68 (1.70) 1.82 (1.77) 1.97 (1.93)
373822 1.75 (1.86) 1.88 (1.92) 1.06 (1.12) 1.92 (1.78) 1.89 (1.86)
370459 1.90 (1.94) 1.04 (1.08) 1.31 (1.33) 1.10 (1.09) 1.76 (1.77)
372768 2.21 (2.12) 2.15 (2.07) 1.66 (1.65) 2.14 (2.08) 2.20 (2.17)
374483 2.03 (1.92) 1.86 (1.84) 1.10 (1.10) 1.58 (1.69) 1.90 (1.90)
385456 1.82 (1.86) 1.61 (1.66) 1.35 (1.41) 2.04 (1.82) 1.96 (1.96)
376063 1.90 (1.84) 1.92 (1.98) 1.89 (1.76) 1.77 (1.72) 1.85 (1.82)
379899 1.94 (1.84) 1.58 (1.68) 1.66 (1.72) 1.68 (1.55) 2.09 (2.05)
1047662 1.97 (1.95) 1.39 (1.37) 1.83 (1.80) 0.99 (1.07) 1.16 (1.19)
1036042 2.72 (2.70) 2.47 (2.45) 2.07 (1.99) 2.12 (1.95) 1.47 (1.46)
1047571 2.21 (2.13) 1.80 (1.76) 1.29 (1.33) 1.17 (1.18) 1.13 (1.12)
1032095 2.06 (2.06) 1.69 (1.59) 1.20 (1.21) 1.24 (1.19) 1.13 (1.13)
1037053 2.19 (2.18) 2.04 (1.98) 1.42 (1.45) 1.47 (1.44) 1.31 (1.32)
1006650 2.06 (2.14) 1.71 (1.78) 1.49 (1.47) 1.26 (1.28) 1.36 (1.39)
1053390 2.15 (2.16) 1.95 (1.94) 1.73 (1.70) 1.29 (1.37) 1.18 (1.17)
1046246 2.07 (2.02) 1.92 (1.83) 1.39 (1.43) 1.50 (1.43) 1.25 (1.26)
1025145 1.96 (1.95) 1.77 (1.86) 1.21 (1.36) 1.14 (1.16) 1.13 (1.11)
1031176 2.40 (2.42) 1.92 (1.88) 1.61 (1.47) 1.45 (1.44) 1.32 (1.29)
1226879 2.05 (2.08) 2.00 (1.92) 1.63 (1.56) 1.59 (1.62) 1.60 (1.59)
1241811 2.32 (2.26) 2.24 (2.22) 1.55 (1.71) 2.18 (2.12) 1.46 (1.45)
1266153 2.15 (2.13) 1.72 (1.81) 1.60 (1.59) 1.67 (1.73) 1.35 (1.33)
1237053 2.38 (2.30) 2.13 (2.24) 1.49 (1.51) 2.04 (2.10) 1.47 (1.43)
1223551 2.21 (2.14) 2.12 (2.13) 2.27 (2.23) 2.17 (2.14) 1.61 (1.64)
1225254 2.22 (2.26) 2.29 (2.24) 2.17 (2.32) 2.19 (2.06) 1.51 (1.52)
1241847 1.98 (1.95) 1.82 (1.80) 1.83 (1.78) 1.67 (1.62) 1.27 (1.27)
1240820 2.30 (2.36) 1.81 (1.89) 1.52 (1.62) 2.00 (1.92) 1.55 (1.57)
1229066 2.41 (2.28) 2.27 (2.25) 1.70 (1.74) 1.90 (1.93) 1.47 (1.48)
1247156 2.14 (2.14) 2.01 (1.97) 1.61 (1.57) 1.85 (1.91) 1.47 (1.44)
6708053 2.11 (2.08) 1.60 (1.60) 1.57 (1.51) 1.49 (1.49) 9.11 (8.90)
6829668 1.89 (1.83) 1.55 (1.48) 1.56 (1.56) 1.50 (1.47) 8.45 (8.58)
6747387 2.11 (2.06) 1.68 (1.68) 1.56 (1.47) 1.49 (1.50) 8.57 (8.46)
6787054 1.91 (1.88) 1.51 (1.50) 1.50 (1.49) 1.43 (1.46) 8.78 (8.75)
6755257 1.89 (1.92) 1.54 (1.52) 1.55 (1.59) 1.29 (1.32) 8.78 (8.72)
6751496 2.01 (1.99) 1.64 (1.53) 1.47 (1.53) 1.41 (1.42) 8.32 (8.58)
6708860 2.08 (2.09) 1.71 (1.67) 1.63 (1.61) 1.63 (1.64) 9.25 (9.15)
6769821 2.18 (2.17) 1.73 (1.67) 1.72 (1.74) 1.58 (1.55) 8.54 (8.62)
6720474 1.99 (1.98) 1.53 (1.51) 1.58 (1.67) 1.43 (1.45) 8.81 (8.69)
6767645 1.97 (2.00) 1.64 (1.63) 1.66 (1.63) 1.45 (1.46) 8.60 (8.51)
