1 14033
2 15151
3 13301
4 15447
5 13529
6 13123
7 13548
8 13948
9 14295
10 12943
11 20911
12 22440
13 19833
14 18710
15 18641
16 19245
17 18363
18 20241
19 20330
20 21320
21 33623
22 31587
23 33920
24 31661
25 34557
26 32564
27 32922
28 32412
29 33600
30 32262
31 64803
32 68062
33 63162
34 68226
35 69392
36 66841
37 66258
38 64359
39 62981
40 68898
41 87207
42 82820
43 79987
44 86581
45 86450
46 86637
47 88866
48 86824
49 85526
50 88077
51 125831
52 119259
53 116459
54 120712
55 118184
56 120703
57 122962
58 122489
59 121872
60 124064
61 253713
62 242777
63 238180
64 227889
65 240589
66 232936
67 240669
68 231428
69 248481
70 243360
71 299431
72 274593
73 288630
74 302105
75 285340
76 270817
77 280649
78 291665
79 302624
80 292230
81 367267
82 374032
83 371417
84 373822
85 370459
86 372768
87 374483
88 385456
89 376063
90 379899
91 1047662
92 1036042
93 1047571
94 1032095
95 1037053
96 1006650
97 1053390
98 1046246
99 1025145
100 1031176
101 1226879
102 1241811
103 1266153
104 1237053
105 1223551
106 1225254
107 1241847
108 1240820
109 1229066
110 1247156
111 6708053
112 6829668
113 6747387
114 6787054
115 6755257
116 6751496
117 6708860
118 6769821
119 6720474
120 6767645
