Index Best P3MRPD(ARPD) GOMEAMRPD(ARPD) GMEDAMRPD(ARPD)
1 14033 0.0 (0.0) 0.00 (0.00) 0.19 (0.00) 
2 15151 0.0 (0.0) 0.00 (0.00) 0.40 (0.00) 
3 13301 0.0 (0.0) 0.00 (0.00) 0.48 (0.00) 
4 15447 0.0 (0.0) 0.00 (0.00) 0.43 (0.00) 
5 13529 0.0 (0.0) 0.00 (0.00) 0.00 (0.00) 
6 13123 0.0 (0.0) 0.00 (0.00) 0.00 (0.00) 
7 13548 0.0 (0.0) 0.00 (0.00) 0.75 (0.00) 
8 13948 0.0 (0.0) 0.00 (0.00) 0.14 (0.00) 
9 14295 0.0 (0.0) 0.00 (0.00) 0.00 (0.00) 
10 12943 0.0 (0.0) 0.00 (0.00) 0.46 (0.00) 
11 20911 0.0 (0.0) 0.00 (0.00) 0.53 (0.00) 
12 22440 0.0 (0.0) 0.00 (0.00) 0.53 (0.00) 
13 19833 0.0 (0.0) 0.00 (0.00) 0.22 (0.00) 
14 18710 0.0 (0.0) 0.00 (0.00) 0.66 (0.00) 
15 18641 0.0 (0.0) 0.00 (0.00) 0.39 (0.00) 
16 19245 0.0 (0.0) 0.00 (0.00) 0.59 (0.00) 
17 18363 0.0 (0.0) 0.00 (0.00) 0.46 (0.00) 
18 20241 0.0 (0.0) 0.00 (0.00) 0.41 (0.00) 
19 20330 0.0 (0.0) 0.00 (0.00) 0.08 (0.00) 
20 21320 0.0 (0.0) 0.00 (0.00) 0.07 (0.00) 
21 33623 0.0 (0.0) 0.00 (0.00) 0.57 (0.00) 
22 31587 0.0 (0.0) 0.00 (0.00) 0.22 (0.00) 
23 33920 0.0 (0.0) 0.00 (0.00) 0.00 (0.00) 
24 31661 0.0 (0.0) 0.00 (0.00) 0.24 (0.00) 
25 34557 0.0 (0.0) 0.00 (0.00) 0.33 (0.00) 
26 32564 0.0 (0.0) 0.00 (0.00) 0.10 (0.00) 
27 32922 0.0 (0.0) 0.00 (0.00) 0.58 (0.00) 
28 32412 0.0 (0.0) 0.00 (0.00) 0.58 (0.00) 
29 33600 0.0 (0.0) 0.00 (0.00) 0.33 (0.00) 
30 32262 0.0 (0.0) 0.00 (0.00) 0.18 (0.00) 
31 64803 0.18 (0.18) 0.06 (0.07) 0.74 (0.07) 
32 68062 0.41 (0.4) 0.16 (0.15) 0.88 (0.15) 
33 63162 0.72 (0.7) 0.62 (0.62) 1.32 (0.62) 
34 68226 0.5 (0.48) 0.25 (0.29) 1.18 (0.29) 
35 69392 0.42 (0.37) 0.25 (0.26) 0.84 (0.26) 
36 66841 0.4 (0.38) 0.27 (0.23) 0.80 (0.23) 
37 66258 0.27 (0.3) 0.12 (0.11) 0.99 (0.11) 
38 64359 0.38 (0.38) 0.23 (0.22) 0.95 (0.22) 
39 62981 0.35 (0.33) 0.26 (0.27) 0.84 (0.27) 
40 68898 0.4 (0.41) 0.34 (0.35) 0.93 (0.35) 
41 87207 0.68 (0.69) 0.62 (0.67) 2.16 (0.67) 
42 82820 0.74 (0.66) 0.51 (0.56) 2.41 (0.56) 
43 79987 0.42 (0.43) 0.37 (0.36) 1.78 (0.36) 
44 86581 0.54 (0.54) 0.48 (0.47) 1.78 (0.47) 
45 86450 0.51 (0.51) 0.41 (0.45) 2.09 (0.45) 
46 86637 0.36 (0.36) 0.28 (0.29) 1.48 (0.29) 
47 88866 0.64 (0.62) 0.55 (0.57) 1.94 (0.57) 
48 86824 0.62 (0.57) 0.61 (0.63) 1.95 (0.63) 
49 85526 0.63 (0.63) 0.63 (0.67) 2.09 (0.67) 
50 88077 0.63 (0.59) 0.52 (0.53) 2.00 (0.53) 
51 125831 0.49 (0.53) 0.46 (0.50) 1.71 (0.50) 
52 119259 0.37 (0.35) 0.15 (0.18) 1.55 (0.18) 
53 116459 0.56 (0.6) 0.58 (0.60) 2.17 (0.60) 
54 120712 0.57 (0.53) 0.44 (0.50) 1.79 (0.50) 
55 118184 0.67 (0.64) 0.72 (0.73) 2.38 (0.73) 
56 120703 0.41 (0.46) 0.39 (0.40) 1.81 (0.40) 
57 122962 0.54 (0.54) 0.95 (0.92) 2.06 (0.92) 
58 122489 0.69 (0.68) 0.69 (0.65) 2.26 (0.65) 
59 121872 0.56 (0.59) 0.36 (0.41) 1.78 (0.41) 
60 124064 0.55 (0.55) 0.63 (0.63) 1.98 (0.63) 
61 253713 0.86 (0.88) 0.56 (0.58) 0.83 (0.58) 
62 242777 0.89 (0.88) 0.51 (0.53) 1.00 (0.53) 
63 238180 0.82 (0.84) 0.59 (0.63) 0.78 (0.63) 
64 227889 0.68 (0.7) 0.45 (0.53) 0.78 (0.53) 
65 240589 0.68 (0.68) 0.58 (0.60) 0.82 (0.60) 
66 232936 0.97 (0.94) 1.04 (1.03) 0.79 (1.03) 
67 240669 0.85 (0.85) 0.59 (0.63) 1.01 (0.63) 
68 231428 0.97 (0.94) 0.59 (0.66) 0.88 (0.66) 
69 248481 0.93 (0.93) 0.98 (1.04) 0.92 (1.04) 
70 243360 0.76 (0.76) 0.65 (0.69) 0.92 (0.69) 
